First dataset: 1.578, 1.582, 1.858, 2.595, 2.710, 2.899, 2.940, 3.087, 3.669, 3.848, 4.740, 4.848, 5.170, 5.783,
5.866, 5.872, 6.152, 6.406, 6.839, 7.042, 7.187, 7.262, 7.466, 7.479, 7.481, 8.292, 8.443, 8.475, 8.587,
9.053, 9.172, 9.229, 9.352, 10.046, 11.182,11.270, 11.490, 11.623, 11.848, 12.695, 14.369, 14.812,
15.662, 16.296, 16.410, 17.181, 17.675, 19.742, 29.022, 29.047

Second dataset: 0.8, 0.8, 1.3, 1.5, 1.8, 1.9, 1.9, 2.1, 2.6, 2.7, 2.9, 3.1, 3.2, 3.3, 3.5, 3.6, 4.0, 4.1, 4.2, 4.2, 4.3, 4.3, 4.4, 4.4,
4.6, 4.7, 4.7, 4.8, 4.9, 4.9, 5.0, 5.3, 5.5, 5.7, 5.7, 6.1, 6.2, 6.2, 6.2, 6.3, 6.7, 6.9, 7.1, 7.1,7.1, 7.1, 7.4,
7.6, 7.7, 8.0, 8.2, 8.6, 8.6, 8.6, 8.8, 8.8, 8.9, 8.9, 9.5, 9.6, 9.7, 9.8, 10.7, 10.9, 11.0, 11.0, 11.1 ,11.2,
11.2, 11.5,11.9, 12.4, 12.5, 12.9, 13.0, 13.1, 13.3, 13.6, 13.7, 13.9,14.1, 15.4, 15.4, 17.3, 17.3, 18.1,
18.2, 18.4, 18.9, 19.0, 19.9, 20.6, 21.3, 21.4, 21.9, 23.0, 27.0, 31.6, 33.1, 38.5

Third Dataset: 14.918, 10.656, 12.274, 10.289, 10.832, 7.099, 5.928, 13.211, 7.968, 7.584, 5.555, 6.027, 4.097,
3.611, 4.960, 7.498, 6.940, 5.307, 5.048, 2.857, 2.254, 5.431, 4.462, 3.883, 3.461, 3.647, 1.974, 1.273,
1.416, 4.235